746
846
850
840
841
835
843
903
863
903
794
855
822
790
829
844
784
776
833
787
668
774
748
762
789
778
823
837
745
845
809
761
762
760
794
790
617
456
879
650
775
817
813
698
267
774
870
874
805
761
744
783
838
758
660
839
669
735
738
820
816
845
896
863
844
812
719
822
690
809
744
868
832
879
774
807
419
637
774
803
801
876
819
820
828
875
716
857
564
832
791
836
521
778
769
744
764
698
730
735
656
735
747
476
341
902
766
674
648
823
629
682
866
830
804
781
721
805
839
778
827
150
832
848
667
843
801
830
758
714
833
903
658
649
886
822
707
685
743
743
724
764
838
577
823
666
877
817
890
797
873
866
877
836
755
738
837
798
739
819
188
828
806
619
662
804
795
915
908
734
560
794
496
810
643
662
768
844
875
761
865
667
890
839
732
869
809
852
790
835
833
853
741
713
824
792
892
329
810
875
809
439
878
745
798
624
801
786
819
750
489
790
814
840
780
894
845
173
872
812
806
805
852
764
756
697
772
588
794
867
829
845
795
780
728
826
786
791
761
755
780
796
